P 4 4 0 -6 F F -4 -10 -10 -10 -10 -10 -10 0 0 0 0 -10 0 -10 -10 0 -10 0 -10 -10 0 0 0 -10 0 0
P 4 3 -1 -16 -6 F -14 -10 -10 -10 -10 -10 -10 0 0 0 0 -10 0 -10 -10 0 -10 0 -10 -10 0 0 0 -10 0 0
P 3 4 -1 -8 F -6 -16 -10 -10 -10 -10 -10 -10 0 0 0 0 -10 0 -10 -10 0 -10 0 -10 -10 0 0 0 -10 0 0
P 2 4 -2 -10 F -8 -18 -10 -10 -10 -10 -10 -10 0 0 0 0 -10 0 -10 -10 0 -10 0 -10 -10 0 0 0 -10 0 0
P 1 4 -3 -22 F -10 -10 -10 -10 -10 -10 -10 -10 0 0 0 0 -10 0 -10 -10 0 -10 0 -10 -10 0 0 0 -10 0 0
P 1 3 -4 -22 -12 -20 -10 -10 -10 -10 -10 -10 -10 0 0 0 0 -10 0 -10 -10 0 -10 0 -10 -10 0 0 0 -10 0 0
P 1 2 -5 -22 -12 -20 -10 -10 -10 -10 -10 -10 -10 0 0 0 0 -10 0 -10 -10 0 -10 0 -10 -10 0 0 0 -10 0 0
P 1 1 -6 -22 -12 -10 -20 -10 -10 -10 -10 -10 -10 0 0 0 0 -10 0 -10 -10 0 -10 0 -10 -10 0 0 0 -10 0 0
P 2 1 -7 -12 -22 -10 -20 -10 -10 -10 -10 -10 -10 0 0 0 0 -10 0 -10 -10 0 -10 0 -10 -10 0 0 0 -10 0 0
P 3 1 -8 -12 -22 -10 -20 -10 -10 -10 -10 -10 -10 0 0 0 0 -10 0 -10 -10 0 -10 0 -10 -10 0 0 0 -10 0 0
P 4 1 -9 -12 -22 F -10 -10 -10 -10 -10 -10 -10 0 0 0 0 -10 0 -10 -10 0 -10 0 -10 -10 0 0 0 -10 0 0
B W W W A A A S S S A