10 10 8 4 2 9
11 9 5 5 1 5 5 3 9 3
10 10 9 3 10 9 3 12 6 10
8 6 10 14 10 10 12 5 5 2
12 5 6 9 6 10 9 5 3 10
9 3 9 2 9 6 12 3 12 6
10 12 2 14 10 9 3 12 5 3
10 13 6 9 6 10 14 9 5 6
8 5 3 10 13 0 3 10 9 3
10 9 6 12 7 10 12 6 10 10
14 12 5 5 5 4 5 5 6 14
0 0 79 69 0 0 -65 0 90 -9
0 -90 -69 17 -9 0 85 15 27 48
0 0 15 0 0 1 0 0 0 0
-65 0 37 97 76 -13 15 0 0 0
-22 -71 -96 -94 26 -100 -93 0 0 0
0 0 32 0 68 0 -97 0 78 100
-51 0 0 -66 -70 23 -45 15 0 85
-84 0 0 85 -45 39 -79 49 0 -57
15 0 54 0 0 0 0 0 23 0
97 -49 25 -51 -38 -4 0 23 39 -26