P 2 2 0 7 F F 7 0 2 2 2 1 1 2 1 0
P 1 2 0 7 F 5 7 0 2 2 2 1 0 2 1 0
P 2 1 0 7 5 F 7 0 2 2 2 1 1 2 0 0
P 0 2 1 F F 5 7 0 2 0 2 1 0 2 1 0
P 1 1 0 7 5 5 7 0 2 2 2 0 0 2 1 0
P 1 1 0 7 5 5 7 0 2 2 2 0 1 2 0 0
P 2 0 1 7 5 F F 0 2 2 2 1 1 0 0 0
P 0 1 2 F 5 5 1 0 0 0 2 1 0 2 1 0
P 0 1 1 F 5 5 0 0 0 2 2 0 0 2 1 0
P 1 0 1 0 5 5 F 0 2 2 0 0 0 2 1 0
P 0 1 1 F 5 5 0 0 0 2 2 0 1 2 0 0
P 1 0 1 0 5 5 F 0 2 2 0 0 1 2 0 0
P 1 0 2 1 5 5 F 0 2 2 0 1 1 0 0 0
P 2 2 -1 5 F F 5 0 2 2 2 1 0 2 1 0
P 2 2 -1 5 F F 5 0 2 2 2 1 1 2 0 0
P 1 2 0 5 F 3 5 0 2 0 2 1 0 2 1 0
P 1 2 -1 5 F 3 5 0 2 2 2 0 0 2 1 0
P 2 1 0 5 3 F 5 0 2 2 2 0 0 2 0 0
P 1 2 0 5 F 3 5 0 2 2 2 0 0 2 0 0
P 2 1 -1 5 3 F 5 0 2 2 2 0 1 2 0 0
P 2 1 0 5 3 F 5 0 2 2 2 1 1 0 0 0
P 0 2 1 F F 3 5 0 0 0 2 1 0 2 1 0
P 1 1 2 5 3 3 5 0 0 0 2 0 0 2 1 0
P 0 2 2 F F 3 5 0 0 0 2 0 0 2 1 0
P 1 1 0 5 3 3 5 0 0 2 2 0 0 2 1 0
P 1 1 0 5 3 3 5 0 2 2 0 0 0 2 1 0
P 2 0 2 5 3 F F 0 2 2 0 0 0 0 1 0
P 0 2 2 F F 3 5 0 0 0 2 0 1 2 0 0
P 1 1 0 5 3 3 5 0 0 2 2 0 1 2 0 0
P 1 1 0 5 3 3 5 0 2 2 0 0 1 2 0 0
P 2 0 2 5 3 F F 0 2 2 0 0 1 0 0 0
P 1 1 2 5 3 3 5 0 2 2 0 0 1 0 0 0
P 2 0 1 5 3 F F 0 2 2 0 1 1 0 0 0
P 2 1 -1 5 3 F 5 0 2 2 2 1 0 2 0 0
P 1 2 -1 5 F 3 5 0 2 2 2 1 0 2 0 0
P 1 1 0 5 3 3 5 0 2 0 2 0 0 2 1 0
P 0 2 0 F F 3 5 0 2 0 2 0 0 2 1 0
P 1 1 -1 5 3 3 5 0 2 2 2 0 0 2 0 0
P 2 0 1 5 3 F F 0 2 2 2 0 0 0 0 0
P 0 2 1 F F 3 5 0 2 0 2 0 0 2 0 0
P 2 0 0 5 3 F F 0 2 2 2 0 1 0 0 0
P 1 1 0 5 3 3 5 0 2 2 2 0 1 0 0 0
P 0 1 1 F 3 3 0 0 0 0 2 0 0 2 1 0
P 1 0 3 2 3 3 F 0 0 0 0 0 0 2 1 0
P 1 0 1 0 3 3 F 0 0 2 0 0 0 2 1 0
P 0 1 1 F 3 3 0 0 0 2 0 0 0 2 1 0
P 1 0 1 0 3 3 F 0 2 2 0 0 0 0 1 0
P 0 1 1 F 3 3 0 0 0 0 2 0 1 2 0 0
P 1 0 1 0 3 3 F 0 0 2 0 0 1 2 0 0
P 0 1 1 F 3 3 0 0 0 2 0 0 1 2 0 0
P 1 0 1 0 3 3 F 0 2 2 0 0 1 0 0 0
P 0 1 3 F 3 3 2 0 0 2 0 0 1 0 0 0
P 2 0 0 5 3 F F 0 2 2 2 1 0 0 0 0
P 0 2 0 F F 3 5 0 2 0 2 1 0 2 0 0
P 1 0 1 0 3 3 F 0 2 0 0 0 0 2 1 0
P 0 1 0 F 3 3 -1 0 0 2 2 0 0 2 0 0
P 1 0 0 -1 3 3 F 0 2 2 0 0 0 2 0 0
P 1 0 2 1 3 3 F 0 2 2 0 0 0 0 0 0
P 0 1 2 F 3 3 1 0 0 0 2 0 0 2 0 0
P 0 1 1 F 3 3 0 0 0 2 2 0 1 0 0 0
P 1 0 1 0 3 3 F 0 2 2 0 1 0 0 0 0
P 0 1 1 F 3 3 0 0 0 0 2 1 0 2 0 0
P 2 2 -1 3 F F 3 0 2 0 2 1 0 2 1 0
P 2 2 -2 3 F F 3 0 2 2 2 0 0 2 1 0
P 2 2 -1 3 F F 3 0 2 2 2 0 0 2 0 0
P 2 2 -2 3 F F 3 0 2 2 2 0 1 2 0 0
P 2 2 -1 3 F F 3 0 2 2 2 1 1 0 0 0
P 1 2 0 3 F 1 3 0 0 0 2 1 0 2 1 0
P 1 2 1 3 F 1 3 0 0 0 2 0 0 2 1 0
P 2 1 2 3 1 F 3 0 0 0 2 0 0 2 0 0
P 1 2 -1 3 F 1 3 0 0 2 2 0 0 2 1 0
P 2 1 0 3 1 F 3 0 0 2 2 0 0 2 0 0
P 1 2 -1 3 F 1 3 0 2 2 0 0 0 2 1 0
P 2 1 0 3 1 F 3 0 2 2 0 0 0 2 0 0
P 2 1 2 3 1 F 3 0 2 2 0 0 0 0 0 0
P 1 2 2 3 F 1 3 0 0 0 2 0 0 2 0 0
P 1 2 0 3 F 1 3 0 0 2 2 0 0 2 0 0
P 2 1 -1 3 1 F 3 0 0 2 2 0 1 2 0 0
P 1 2 0 3 F 1 3 0 2 2 0 0 0 2 0 0
P 2 1 -1 3 1 F 3 0 2 2 0 0 1 2 0 0
P 2 1 1 3 1 F 3 0 2 2 0 0 1 0 0 0
P 1 2 2 3 F 1 3 0 2 2 0 0 0 0 0 0
P 2 1 0 3 1 F 3 0 2 2 0 1 1 0 0 0
P 2 2 -2 3 F F 3 0 2 2 2 1 0 2 0 0
P 1 2 -1 3 F 1 3 0 2 0 2 0 0 2 1 0
P 2 1 0 3 1 F 3 0 2 0 2 0 0 2 0 0
P 2 1 0 3 1 F 3 0 2 2 2 0 0 0 0 0
P 1 2 0 3 F 1 3 0 2 0 2 0 0 2 0 0
P 2 1 -1 3 1 F 3 0 2 2 2 0 1 0 0 0
P 1 2 0 3 F 1 3 0 2 2 2 0 0 0 0 0
P 1 1 2 3 1 1 3 0 0 0 0 0 0 2 1 0
P 2 0 4 3 1 F F 0 0 0 0 0 0 0 1 0
P 1 1 0 3 1 1 3 0 0 2 0 0 0 2 1 0
P 2 0 2 3 1 F F 0 0 2 0 0 0 0 1 0
P 0 2 2 F F 1 3 0 0 0 0 0 0 2 1 0
P 1 1 0 3 1 1 3 0 2 2 0 0 0 0 1 0
P 1 1 0 3 1 1 3 0 0 0 2 0 1 2 0 0
P 1 1 0 3 1 1 3 0 0 2 0 0 1 2 0 0
P 2 0 2 3 1 F F 0 0 2 0 0 1 0 0 0
P 0 2 2 F F 1 3 0 0 0 0 0 1 2 0 0
P 0 2 4 F F 1 3 0 0 0 0 0 1 0 0 0
P 1 1 2 3 1 1 3 0 0 2 0 0 1 0 0 0
P 2 1 -1 3 1 F 3 0 2 2 2 1 0 0 0 0
P 1 2 -1 3 F 1 3 0 2 0 2 1 0 2 0 0
P 1 1 0 3 1 1 3 0 2 0 0 0 0 2 1 0
P 2 0 2 3 1 F F 0 2 0 0 0 0 0 1 0
P 0 2 1 F F 1 3 0 0 0 2 0 0 2 0 0
P 1 1 -1 3 1 1 3 0 0 2 2 0 0 2 0 0
P 1 1 -1 3 1 1 3 0 2 2 0 0 0 2 0 0
P 2 0 1 3 1 F F 0 2 2 0 0 0 0 0 0
P 1 1 1 3 1 1 3 0 2 2 0 0 0 0 0 0
P 1 1 1 3 1 1 3 0 0 0 2 0 0 2 0 0
P 0 2 2 F F 1 3 0 0 0 2 0 1 0 0 0
P 1 1 0 3 1 1 3 0 0 2 2 0 1 0 0 0
P 2 0 0 3 1 F F 0 2 2 0 1 0 0 0 0
P 0 2 0 F F 1 3 0 0 0 2 1 0 2 0 0
P 2 1 -1 3 1 F 3 0 2 0 2 1 0 2 0 0
P 1 2 -1 3 F 1 3 0 2 2 2 1 0 0 0 0
P 2 0 3 3 1 F F 0 0 0 2 0 0 0 0 0
P 2 0 1 3 1 F F 0 0 2 2 0 0 0 0 0
P 0 2 0 F F 1 3 0 2 0 0 0 0 2 1 0
P 2 0 0 3 1 F F 0 0 2 2 0 1 0 0 0
P 0 2 1 F F 1 3 0 2 0 0 0 0 2 0 0
P 0 2 3 F F 1 3 0 2 0 0 0 0 0 0 0
P 1 1 -1 3 1 1 3 0 2 0 2 0 0 2 0 0
P 2 0 1 3 1 F F 0 2 0 2 0 0 0 0 0
P 1 1 -1 3 1 1 3 0 2 2 2 0 0 0 0 0
P 0 2 1 F F 1 3 0 2 0 2 0 0 0 0 0
P 0 1 1 F 1 1 0 0 0 0 0 0 0 2 1 0
P 1 0 3 2 1 1 F 0 0 0 0 0 0 0 1 0
P 1 0 1 0 1 1 F 0 0 2 0 0 0 0 1 0
P 0 1 1 F 1 1 0 0 0 2 0 0 0 0 1 0
P 1 0 1 0 1 1 F 0 0 0 0 0 1 2 0 0
P 1 0 1 0 1 1 F 0 0 2 0 0 1 0 0 0
P 0 1 1 F 1 1 0 0 0 0 0 0 1 2 0 0
P 0 1 3 F 1 1 2 0 0 0 0 0 1 0 0 0
P 1 0 1 0 1 1 F 0 2 0 0 0 0 0 1 0
P 1 0 0 -1 1 1 F 0 0 2 0 0 0 2 0 0
P 0 1 0 F 1 1 -1 0 0 2 0 0 0 2 0 0
P 0 1 2 F 1 1 1 0 0 2 0 0 0 0 0 0
P 1 0 2 1 1 1 F 0 0 0 0 0 0 2 0 0
P 0 1 1 F 1 1 0 0 0 0 2 0 1 0 0 0
P 2 0 0 3 1 F F 0 2 0 2 1 0 0 0 0
P 0 2 0 F F 1 3 0 2 0 2 1 0 0 0 0
P 1 0 4 3 1 1 F 0 0 0 0 0 0 0 0 0
B W W A S S A W W