P 3 0 189 F F F 0 0 0 0 0 0 0 0 0 0 0 0 0 -93 0 0 0 0 0 0 0 84 -4 87 -7
P 2 0 F 178 186 F 0 0 0 0 0 0 0 0 0 0 0 0 0 -93 0 0 0 0 0 0 0 84 -4 87 -7
P 2 1 F F 177 189 0 0 0 0 0 0 0 0 0 0 0 0 0 -93 0 0 0 0 0 0 0 84 -4 87 -7
P 3 1 178 F 89 F 0 0 0 0 0 0 0 0 0 0 0 0 0 -93 0 0 0 0 0 0 0 84 -4 87 -7
P 4 1 94 89 F 96 0 0 0 0 0 0 0 0 0 0 0 0 0 -93 0 0 0 0 0 0 0 0 -4 87 -7
P 4 0 F 90 F F 0 0 0 0 0 0 0 0 0 0 0 0 0 -93 0 0 0 0 0 0 0 0 0 87 -7
P 3 1 96 F 89 F 0 0 0 0 0 0 0 0 0 0 0 0 0 -93 0 0 0 0 0 0 0 0 -4 87 -7
P 2 1 F F 94 106 0 0 0 0 0 0 0 0 0 0 0 0 0 -93 0 0 0 0 0 0 0 0 -4 87 -7
P 2 0 F 96 102 F 0 0 0 0 0 0 0 0 0 0 0 0 0 -93 0 0 0 0 0 0 0 0 -4 87 -7
P 3 0 106 F F F 0 0 0 0 0 0 0 0 0 0 0 0 0 -93 0 0 0 0 0 0 0 0 -4 87 -7
P 4 1 94 89 F 96 0 0 0 0 0 0 0 0 0 0 0 0 0 -93 0 0 0 0 0 0 0 0 0 87 -7
P 3 1 96 F 90 F 0 0 0 0 0 0 0 0 0 0 0 0 0 -93 0 0 0 0 0 0 0 0 0 87 -7
P 2 1 F F 94 106 0 0 0 0 0 0 0 0 0 0 0 0 0 -93 0 0 0 0 0 0 0 0 0 87 -7
P 2 0 F 96 103 F 0 0 0 0 0 0 0 0 0 0 0 0 0 -93 0 0 0 0 0 0 0 0 0 87 -7
P 3 0 106 F F F 0 0 0 0 0 0 0 0 0 0 0 0 0 -93 0 0 0 0 0 0 0 0 0 87 -7
P 4 2 F 7 F 3 0 0 0 0 0 0 0 0 0 0 0 0 0 -93 0 0 0 0 0 0 0 0 0 87 -7
P 4 3 F 16 F 4 0 0 0 0 0 0 0 0 0 0 0 0 0 -93 0 0 0 0 0 0 0 0 0 0 -7
P 4 4 23 F F 8 0 0 0 0 0 0 0 0 0 0 0 0 0 -93 0 0 0 0 0 0 0 0 0 0 0
P 3 4 F F 16 12 0 0 0 0 0 0 0 0 0 0 0 0 0 -93 0 0 0 0 0 0 0 0 0 0 0
P 4 2 F 8 F 6 0 0 0 0 0 0 0 0 0 0 0 0 0 -93 0 0 0 0 0 0 0 0 0 0 0
P 4 3 F 16 F 4 0 0 0 0 0 0 0 0 0 0 0 0 0 -93 0 0 0 0 0 0 0 0 0 0 0
P 4 4 23 F F 8 0 0 0 0 0 0 0 0 0 0 0 0 0 -93 0 0 0 0 0 0 0 0 0 0 0
P 3 4 F F 16 12 0 0 0 0 0 0 0 0 0 0 0 0 0 -93 0 0 0 0 0 0 0 0 0 0 0
P 3 3 14 23 F F 0 0 0 0 0 0 0 0 0 0 0 0 0 -93 0 0 0 0 0 0 0 0 0 0 0
P 3 4 F F 16 12 0 0 0 0 0 0 0 0 0 0 0 0 0 0 0 0 0 0 0 0 0 0 0 0 0
P 4 4 23 F F 8 0 0 0 0 0 0 0 0 0 0 0 0 0 0 0 0 0 0 0 0 0 0 0 0 0
P 3 3 14 23 F F 0 0 0 0 0 0 0 0 0 0 0 0 0 0 0 0 0 0 0 0 0 0 0 0 0
P 2 3 0 26 12 F 0 0 0 0 0 0 0 0 0 0 0 0 0 0 0 0 0 0 0 0 0 0 0 0 0
P 2 4 25 F F 14 0 0 0 0 0 0 0 0 0 0 0 0 0 0 0 0 0 0 0 0 0 0 0 0 0
P 1 4 18 F 26 0 0 0 0 0 0 0 0 0 0 0 0 0 0 0 0 0 0 0 0 0 0 0 0 0 0
P 0 4 F F 25 10 0 0 0 0 0 0 0 0 0 0 0 0 0 0 0 0 0 0 0 0 0 0 0 0 0
P 4 1 9 4 F 13 0 0 0 0 0 0 0 0 0 0 0 0 0 -93 0 0 0 0 0 0 0 0 0 0 0
P 4 0 F 6 F F 0 0 0 0 0 0 0 0 0 0 0 0 0 -93 0 0 0 0 0 0 0 0 0 0 0
P 3 1 10 F 6 F 0 0 0 0 0 0 0 0 0 0 0 0 0 -93 0 0 0 0 0 0 0 0 0 0 0
P 2 1 F F 9 21 0 0 0 0 0 0 0 0 0 0 0 0 0 -93 0 0 0 0 0 0 0 0 0 0 0
P 2 0 F 10 19 F 0 0 0 0 0 0 0 0 0 0 0 0 0 -93 0 0 0 0 0 0 0 0 0 0 0
P 3 0 21 F F F 0 0 0 0 0 0 0 0 0 0 0 0 0 -93 0 0 0 0 0 0 0 0 0 0 0
P 4 3 F 16 F 4 0 0 0 0 0 0 0 0 0 0 0 0 0 0 0 0 0 0 0 0 0 0 0 0 0
P 0 3 F 18 0 6 0 0 0 0 0 0 0 0 0 0 0 0 0 0 0 0 0 0 0 0 0 0 0 0 0
P 4 2 F 8 F 6 0 0 0 0 0 0 0 0 0 0 0 0 0 0 0 0 0 0 0 0 0 0 0 0 0
P 4 1 10 4 F 14 0 0 0 0 0 0 0 0 0 0 0 0 0 0 0 0 0 0 0 0 0 0 0 0 0
P 4 0 F 6 F F 0 0 0 0 0 0 0 0 0 0 0 0 0 0 0 0 0 0 0 0 0 0 0 0 0
P 3 1 12 F 6 F 0 0 0 0 0 0 0 0 0 0 0 0 0 0 0 0 0 0 0 0 0 0 0 0 0
P 2 1 F F 10 24 0 0 0 0 0 0 0 0 0 0 0 0 0 0 0 0 0 0 0 0 0 0 0 0 0
P 2 0 F 12 21 F 0 0 0 0 0 0 0 0 0 0 0 0 0 0 0 0 0 0 0 0 0 0 0 0 0
P 3 0 24 F F F 0 0 0 0 0 0 0 0 0 0 0 0 0 0 0 0 0 0 0 0 0 0 0 0 0
P 0 2 F 10 9 F 0 0 0 0 0 0 0 0 0 0 0 0 0 0 0 0 0 0 0 0 0 0 0 0 0
P 1 2 6 0 8 12 0 0 0 0 0 0 0 0 0 0 0 0 0 0 0 0 0 0 0 0 0 0 0 0 0
P 1 1 8 9 F F 0 0 0 0 0 0 0 0 0 0 0 0 0 0 0 0 0 0 0 0 0 0 0 0 0
P 2 2 9 F 7 F 0 0 0 0 0 0 0 0 0 0 0 0 0 0 0 0 0 0 0 0 0 0 0 0 0
P 0 1 F F 12 16 0 0 0 0 0 0 0 0 0 0 0 0 0 0 0 0 0 0 0 0 0 0 0 0 0
P 0 0 F 8 23 F 0 0 0 0 0 0 0 0 0 0 0 0 0 0 0 0 0 0 0 0 0 0 0 0 0
P 1 0 16 F F F 0 0 0 0 0 0 0 0 0 0 0 0 0 0 0 0 0 0 0 0 0 0 0 0 0
B W D S S A D D D A D D W A D A W W